[0, 1, 2, 3, 4, 5, 6, 7, 8, 9, 10, 11]
Number of (spin) Orbitals:  12
[0, 1, 2, 3, 4, 5, 6, 7, 8, 9, 10, 11]

[0, 1, 2, 3, 4, 5, 6, 7, 8, 9, 10, 11]
Number of Interactions:  355
[0, 1, 2, 3, 4, 5, 6, 7, 8, 9, 10, 11]

[0, 1, 2, 3, 4, 5, 6, 7, 8, 9, 10, 11]
Number of Unique Interactions:  241
[0, 1, 2, 3, 4, 5, 6, 7, 8, 9, 10, 11]

[0, 1, 2, 3, 4, 5, 6, 7, 8, 9, 10, 11]
[(3, 4), (5, 6), (7, 8), (9, 10)]
[0, 1, 2, 4, 3, 6, 5, 8, 7, 10, 9, 11]
[(0, 1), (2, 3), (6, 7), (8, 9), (10, 11)]
[1, 0, 4, 2, 3, 6, 8, 5, 10, 7, 11, 9]
[(1, 2), (3, 4), (5, 6), (7, 8), (9, 10)]
[1, 4, 0, 3, 2, 8, 6, 10, 5, 11, 7, 9]
[(2, 3), (6, 7), (8, 9), (10, 11)]
[1, 4, 3, 0, 2, 8, 10, 6, 11, 5, 9, 7]
[(3, 4), (5, 6), (7, 8), (9, 10)]
[1, 4, 3, 2, 0, 10, 8, 11, 6, 9, 5, 7]
[(4, 5), (6, 7), (8, 9), (10, 11)]
[1, 4, 3, 2, 10, 0, 11, 8, 9, 6, 7, 5]
[(3, 4), (5, 6), (7, 8)]
[1, 4, 3, 10, 2, 11, 0, 9, 8, 6, 7, 5]
[(2, 3), (4, 5), (6, 7)]
[1, 4, 10, 3, 11, 2, 9, 0, 8, 6, 7, 5]
[(3, 4), (7, 8)]
[1, 4, 10, 11, 3, 2, 9, 8, 0, 6, 7, 5]
[(2, 3), (8, 9)]
[1, 4, 11, 10, 3, 2, 9, 8, 6, 0, 7, 5]
[(1, 2), (9, 10)]
[1, 11, 4, 10, 3, 2, 9, 8, 6, 7, 0, 5]
[(10, 11)]
[1, 11, 4, 10, 3, 2, 9, 8, 6, 7, 5, 0]
Iteration  1 : [(7, 6), (4, 2, 3, 1), (8, 9), (11, 10)]
(7, 6)
[1, 11, 4, 10, 3, 2, 9, 8, 6, 7, 5, 0]
(4, 2, 3, 1)
[1, 11, 4, 10, 3, 2, 9, 8, 6, 7, 5, 0]
