0, 2, 3, 1
values: 8, 9, 10, 11
0, 1, 3, 2
values: 8, 9, 10, 11
[10, 8, 9, 10]
0.0449689884
[8, 10, 10, 9]
0.0449689884
[8, 10, 9, 8]
0.3319548272
[9, 8, 8, 10]
0.3319548272
[6, 5, 5, 7]
-0.0300266936
[6, 5, 5, 7]
-0.0300266936
[0, 2, 2, 1]
-0.02737553
[0, 2, 2, 1]
-0.02737553
[5, 7, 6, 7]
-0.0013965976
[5, 7, 7, 6]
0.0013965976
1, 2, 3, 0
values: 6, 7, 8, 9
2, 1, 3, 0
values: 6, 7, 8, 9
[4, 3, 3, 5]
-0.0415201308
[4, 3, 3, 5]
-0.0415201308
[5, 4, 6, 4]
-0.0741102504
[5, 4, 4, 6]
0.0741102504
0, 1, 3, 2
values: 8, 9, 10, 11
0, 3, 2, 1
values: 8, 9, 10, 11
[1, 0, 2, 0]
-0.0013965976
[1, 0, 0, 2]
0.0013965976
[5, 6, 4, 6]
0.0574467188
[4, 6, 6, 5]
-0.0574467188
3, 0, 2, 1
values: 3, 4, 5, 6
1, 0, 2, 3
values: 3, 4, 5, 6
[1, 0, 2, 0]
-0.099662864
[1, 0, 0, 2]
0.099662864
[2, 3, 4, 2]
0.0180815036
[3, 2, 2, 4]
0.0180815036
[2, 3, 4, 3]
0.0248975482
[2, 3, 3, 4]
-0.0248975482
[2, 4, 4, 3]
-0.030050432
[2, 4, 4, 3]
-0.030050432
[8, 7, 6, 7]
-0.030195052
[6, 7, 7, 8]
0.030195052
[4, 3, 5, 3]
0.011539525
[4, 3, 3, 5]
-0.011539525
[9, 10, 10, 11]
-0.0300266936
[9, 10, 10, 11]
-0.0300266936
[5, 7, 7, 6]
-0.0123427758
[5, 7, 7, 6]
-0.0123427758
[5, 4, 3, 5]
-0.372863875
[3, 5, 5, 4]
-0.372863875
[3, 1, 2, 3]
0.071864865
[1, 3, 3, 2]
0.071864865
[7, 9, 9, 8]
-0.0123427758
[7, 9, 9, 8]
-0.0123427758
[8, 6, 7, 6]
-0.071864865
[7, 6, 6, 8]
0.071864865
[2, 3, 3, 1]
0.0318696224
[1, 3, 3, 2]
0.0318696224
3, 0, 2, 1
values: 5, 6, 7, 8
1, 0, 2, 3
values: 5, 6, 7, 8
2, 0, 1, 3
values: 5, 6, 7, 8
[3, 2, 4, 2]
-0.0202361524
[3, 2, 2, 4]
0.0202361524
[5, 6, 4, 6]
0.0775327252
[4, 6, 6, 5]
-0.0775327252
[4, 5, 5, 6]
-0.0010121216
[4, 5, 5, 6]
-0.0010121216
[8, 10, 9, 10]
0.007147811
[8, 10, 10, 9]
-0.007147811
[2, 3, 3, 4]
-0.0415201308
[2, 3, 3, 4]
-0.0415201308
[9, 8, 10, 8]
-0.0191326828
[9, 8, 8, 10]
0.0191326828
[5, 4, 3, 4]
0.0574467188
[3, 4, 4, 5]
-0.0574467188
[5, 4, 3, 5]
0.0449689884
[3, 5, 5, 4]
0.0449689884
3, 1, 0, 2
values: 4, 5, 6, 7
2, 3, 0, 1
values: 4, 5, 6, 7
1, 2, 0, 3
values: 7, 8, 9, 10
3, 2, 0, 1
values: 7, 8, 9, 10
[5, 4, 4, 6]
0.032246935
[5, 4, 4, 6]
0.032246935
[4, 2, 3, 2]
0.067609622
[3, 2, 2, 4]
-0.067609622
1, 2, 0, 3
values: 3, 4, 5, 6
3, 1, 0, 2
values: 3, 4, 5, 6
[8, 7, 9, 8]
-0.0894873734
[7, 8, 8, 9]
-0.0894873734
[4, 2, 3, 4]
-0.0356431186
[2, 4, 4, 3]
-0.0356431186
[4, 2, 3, 2]
0.0420790704
[3, 2, 2, 4]
-0.0420790704
[4, 3, 3, 2]
-0.0380237642
[2, 3, 3, 4]
-0.0380237642
[5, 6, 6, 7]
-0.0478542514
[5, 6, 6, 7]
-0.0478542514
[10, 9, 8, 9]
-0.099662864
[8, 9, 9, 10]
0.099662864
[4, 2, 3, 2]
-0.0202361524
[3, 2, 2, 4]
0.0202361524
1, 0, 2, 3
values: 5, 6, 7, 8
3, 0, 1, 2
values: 5, 6, 7, 8
[4, 6, 5, 4]
-0.2921304918
[5, 4, 4, 6]
-0.2921304918
[2, 1, 3, 1]
-0.0202361524
[2, 1, 1, 3]
0.0202361524
[8, 7, 7, 6]
-0.068134058
[6, 7, 7, 8]
-0.068134058
2, 3, 0, 1
values: 3, 4, 5, 6
1, 2, 0, 3
values: 3, 4, 5, 6
[2, 0, 1, 0]
-0.0741102504
[1, 0, 0, 2]
0.0741102504
[9, 11, 10, 11]
-0.0013965976
[9, 11, 11, 10]
0.0013965976
[3, 2, 4, 3]
0.3319548272
[2, 3, 3, 4]
0.3319548272
[6, 7, 7, 8]
-0.0356176146
[6, 7, 7, 8]
-0.0356176146
[0, 2, 1, 2]
0.0102069888
[0, 2, 2, 1]
-0.0102069888
[4, 3, 5, 4]
-0.0894873734
[3, 4, 4, 5]
-0.0894873734
3, 0, 1, 2
values: 6, 7, 8, 9
1, 0, 3, 2
values: 6, 7, 8, 9
3, 2, 1, 0
values: 0, 1, 2, 3
3, 1, 2, 0
values: 0, 1, 2, 3
[5, 6, 7, 6]
-0.0191326828
[5, 6, 6, 7]
0.0191326828
[1, 2, 3, 2]
0.0127715572
[1, 2, 2, 3]
-0.0127715572
[4, 3, 5, 3]
-0.0318696224
[4, 3, 3, 5]
0.0318696224
[3, 2, 4, 2]
0.007147811
[3, 2, 2, 4]
-0.007147811
[6, 5, 7, 6]
-0.0366015574
[5, 6, 6, 7]
-0.0366015574
[6, 5, 7, 5]
-0.0503867336
[6, 5, 5, 7]
0.0503867336
[6, 7, 7, 5]
-0.0124835864
[5, 7, 7, 6]
-0.0124835864
[4, 3, 2, 3]
-0.0741102504
[2, 3, 3, 4]
0.0741102504
[6, 8, 7, 8]
-0.0576717766
[6, 8, 8, 7]
0.0576717766
[6, 7, 8, 7]
-0.099662864
[6, 7, 7, 8]
0.099662864
[2, 4, 3, 4]
0.2210573096
[2, 4, 4, 3]
-0.2210573096
0, 3, 1, 2
values: 2, 3, 4, 5
0, 2, 3, 1
values: 2, 3, 4, 5
2, 0, 1, 3
values: 8, 9, 10, 11
1, 0, 2, 3
values: 8, 9, 10, 11
[2, 3, 3, 1]
-0.068134058
[1, 3, 3, 2]
-0.068134058
[6, 5, 4, 6]
-0.0106238032
[4, 6, 6, 5]
-0.0106238032
[6, 8, 7, 8]
-0.3185413744
[6, 8, 8, 7]
0.3185413744
3, 2, 1, 0
values: 2, 3, 4, 5
3, 1, 2, 0
values: 2, 3, 4, 5
[7, 6, 5, 6]
0.0127715572
[5, 6, 6, 7]
-0.0127715572
[3, 4, 4, 2]
-0.0356176146
[2, 4, 4, 3]
-0.0356176146
3, 1, 0, 2
values: 3, 4, 5, 6
1, 3, 0, 2
values: 3, 4, 5, 6
[1, 2, 2, 3]
0.032246935
[1, 2, 2, 3]
0.032246935
[8, 9, 9, 10]
-0.0070477526
[8, 9, 9, 10]
-0.0070477526
[3, 2, 2, 1]
-0.0010121216
[1, 2, 2, 3]
-0.0010121216
[6, 5, 4, 6]
0.2642279862
[4, 6, 6, 5]
0.2642279862
[6, 5, 4, 5]
0.003072704
[4, 5, 5, 6]
-0.003072704
[6, 4, 4, 5]
0.011379559
[5, 4, 4, 6]
0.011379559
0, 3, 1, 2
values: 8, 9, 10, 11
0, 2, 3, 1
values: 8, 9, 10, 11
[7, 9, 9, 8]
-0.0070477526
[7, 9, 9, 8]
-0.0070477526
[2, 0, 1, 0]
-0.3137668038
[1, 0, 0, 2]
0.3137668038
[5, 3, 3, 4]
-0.0070477526
[4, 3, 3, 5]
-0.0070477526
1, 0, 3, 2
values: 7, 8, 9, 10
3, 0, 2, 1
values: 7, 8, 9, 10
[3, 2, 2, 1]
-0.02737553
[1, 2, 2, 3]
-0.02737553
[0, 1, 2, 1]
0.007147811
[0, 1, 1, 2]
-0.007147811
3, 1, 0, 2
values: 3, 4, 5, 6
2, 3, 0, 1
values: 3, 4, 5, 6
1, 2, 3, 0
values: 3, 4, 5, 6
3, 1, 2, 0
values: 3, 4, 5, 6
[10, 9, 9, 8]
0.3137668038
[8, 9, 9, 10]
0.3137668038
0, 2, 1, 3
values: 0, 1, 2, 3
0, 1, 2, 3
values: 0, 1, 2, 3
[8, 6, 7, 8]
-0.067609622
[6, 8, 8, 7]
-0.067609622
[3, 4, 5, 3]
0.0180815036
[4, 3, 3, 5]
0.0180815036
[3, 4, 5, 4]
0.0248975482
[3, 4, 4, 5]
-0.0248975482
[3, 5, 5, 4]
-0.030050432
[3, 5, 5, 4]
-0.030050432
[10, 9, 9, 8]
-0.0123427758
[8, 9, 9, 10]
-0.0123427758
[4, 2, 3, 2]
0.0102069888
[3, 2, 2, 4]
-0.0102069888
[8, 9, 9, 7]
-0.0415201308
[7, 9, 9, 8]
-0.0415201308
1, 3, 2, 0
values: 8, 9, 10, 11
3, 1, 2, 0
values: 8, 9, 10, 11
1, 3, 0, 2
values: 0, 1, 2, 3
3, 2, 0, 1
values: 0, 1, 2, 3
[6, 5, 5, 7]
0.00878899
[6, 5, 5, 7]
0.00878899
[5, 4, 3, 5]
-0.0366015574
[3, 5, 5, 4]
-0.0366015574
[5, 4, 3, 4]
-0.0503867336
[3, 4, 4, 5]
0.0503867336
[5, 3, 3, 4]
-0.0124835864
[4, 3, 3, 5]
-0.0124835864
[9, 8, 10, 8]
0.0102069888
[9, 8, 8, 10]
-0.0102069888
[7, 5, 6, 5]
-0.0576717766
[6, 5, 5, 7]
0.0576717766
3, 2, 1, 0
values: 0, 1, 2, 3
2, 1, 3, 0
values: 0, 1, 2, 3
1, 0, 3, 2
values: 1, 2, 3, 4
3, 0, 2, 1
values: 1, 2, 3, 4
[9, 11, 10, 11]
0.0102069888
[9, 11, 11, 10]
-0.0102069888
2, 3, 0, 1
values: 8, 9, 10, 11
2, 1, 0, 3
values: 8, 9, 10, 11
1, 3, 0, 2
values: 4, 5, 6, 7
3, 2, 0, 1
values: 4, 5, 6, 7
1, 2, 0, 3
values: 0, 1, 2, 3
3, 1, 0, 2
values: 0, 1, 2, 3
1, 0, 2, 3
values: 2, 3, 4, 5
3, 0, 1, 2
values: 2, 3, 4, 5
2, 0, 1, 3
values: 8, 9, 10, 11
1, 0, 2, 3
values: 8, 9, 10, 11
3, 1, 0, 2
values: 3, 4, 5, 6
1, 3, 0, 2
values: 3, 4, 5, 6
[2, 3, 3, 1]
-0.02737553
[1, 3, 3, 2]
-0.02737553
[4, 2, 2, 3]
-0.0070477526
[3, 2, 2, 4]
-0.0070477526
[8, 7, 6, 7]
0.007147811
[6, 7, 7, 8]
-0.007147811
[5, 3, 4, 5]
0.2642279862
[3, 5, 5, 4]
0.2642279862
[5, 3, 4, 3]
0.003072704
[4, 3, 3, 5]
-0.003072704
[5, 4, 4, 3]
0.011379559
[3, 4, 4, 5]
0.011379559
0, 3, 2, 1
values: 2, 3, 4, 5
0, 2, 1, 3
values: 2, 3, 4, 5
0, 3, 2, 1
values: 0, 1, 2, 3
0, 2, 1, 3
values: 0, 1, 2, 3
[7, 9, 9, 8]
-0.0775327252
[7, 9, 9, 8]
-0.0775327252
[3, 1, 1, 2]
-0.0478542514
[2, 1, 1, 3]
-0.0478542514
2, 3, 0, 1
values: 4, 5, 6, 7
2, 1, 0, 3
values: 4, 5, 6, 7
0, 2, 3, 1
values: 2, 3, 4, 5
0, 1, 2, 3
values: 2, 3, 4, 5
1, 0, 3, 2
values: 6, 7, 8, 9
3, 0, 2, 1
values: 6, 7, 8, 9
1, 2, 3, 0
values: 1, 2, 3, 4
3, 1, 2, 0
values: 1, 2, 3, 4
3, 1, 0, 2
values: 7, 8, 9, 10
2, 3, 0, 1
values: 7, 8, 9, 10
[9, 10, 10, 8]
-0.02737553
[8, 10, 10, 9]
-0.02737553
0, 3, 1, 2
values: 3, 4, 5, 6
0, 2, 3, 1
values: 3, 4, 5, 6
[3, 1, 2, 3]
-0.0356431186
[1, 3, 3, 2]
-0.0356431186
[3, 1, 2, 1]
0.0420790704
[2, 1, 1, 3]
-0.0420790704
[3, 2, 2, 1]
-0.0380237642
[1, 2, 2, 3]
-0.0380237642
[5, 4, 3, 5]
0.3185413744
[3, 5, 5, 4]
0.3185413744
3, 0, 2, 1
values: 8, 9, 10, 11
2, 0, 1, 3
values: 8, 9, 10, 11
1, 0, 2, 3
values: 4, 5, 6, 7
3, 0, 1, 2
values: 4, 5, 6, 7
[11, 10, 9, 10]
-0.00878899
[9, 10, 10, 11]
0.00878899
[0, 1, 1, 2]
-0.0123427758
[0, 1, 1, 2]
-0.0123427758
[9, 10, 10, 11]
-0.0300266936
[9, 10, 10, 11]
-0.0300266936
[3, 4, 5, 4]
-0.099662864
[3, 4, 4, 5]
0.099662864
[7, 5, 6, 5]
0.372863875
[6, 5, 5, 7]
-0.372863875
[1, 3, 2, 3]
-0.0013965976
[1, 3, 3, 2]
0.0013965976
0, 1, 2, 3
values: 4, 5, 6, 7
0, 2, 1, 3
values: 4, 5, 6, 7
[3, 2, 2, 4]
-0.0415201308
[3, 2, 2, 4]
-0.0415201308
2, 1, 3, 0
values: 6, 7, 8, 9
1, 3, 2, 0
values: 6, 7, 8, 9
0, 3, 2, 1
values: 0, 1, 2, 3
0, 3, 1, 2
values: 0, 1, 2, 3
3, 2, 1, 0
values: 1, 2, 3, 4
2, 1, 3, 0
values: 1, 2, 3, 4
[10, 8, 9, 10]
-0.2210573096
[8, 10, 10, 9]
-0.2210573096
3, 1, 2, 0
values: 0, 1, 2, 3
3, 2, 1, 0
values: 0, 1, 2, 3
0, 3, 2, 1
values: 3, 4, 5, 6
0, 2, 1, 3
values: 3, 4, 5, 6
0, 1, 3, 2
values: 8, 9, 10, 11
0, 3, 2, 1
values: 8, 9, 10, 11
0, 2, 1, 3
values: 4, 5, 6, 7
0, 2, 3, 1
values: 4, 5, 6, 7
[4, 5, 3, 4]
-0.0106238032
[3, 4, 4, 5]
-0.0106238032
[8, 7, 7, 6]
-0.011539525
[6, 7, 7, 8]
-0.011539525
2, 3, 1, 0
values: 7, 8, 9, 10
1, 2, 3, 0
values: 7, 8, 9, 10
1, 2, 0, 3
values: 3, 4, 5, 6
2, 1, 0, 3
values: 3, 4, 5, 6
0, 1, 2, 3
values: 8, 9, 10, 11
0, 3, 2, 1
values: 8, 9, 10, 11
1, 0, 3, 2
values: 6, 7, 8, 9
3, 0, 2, 1
values: 6, 7, 8, 9
3, 2, 1, 0
values: 0, 1, 2, 3
2, 1, 3, 0
values: 0, 1, 2, 3
1, 3, 0, 2
values: 0, 1, 2, 3
3, 2, 0, 1
values: 0, 1, 2, 3
0, 2, 1, 3
values: 4, 5, 6, 7
0, 1, 2, 3
values: 4, 5, 6, 7
[3, 2, 1, 2]
0.2921304918
[1, 2, 2, 3]
-0.2921304918
3, 0, 2, 1
values: 2, 3, 4, 5
2, 0, 1, 3
values: 2, 3, 4, 5
2, 3, 0, 1
values: 6, 7, 8, 9
2, 1, 0, 3
values: 6, 7, 8, 9
0, 3, 1, 2
values: 5, 6, 7, 8
0, 2, 3, 1
values: 5, 6, 7, 8
2, 0, 1, 3
values: 1, 2, 3, 4
2, 0, 3, 1
values: 1, 2, 3, 4
[8, 9, 9, 10]
-0.0300266936
[8, 9, 9, 10]
-0.0300266936
0, 2, 3, 1
values: 7, 8, 9, 10
0, 1, 2, 3
values: 7, 8, 9, 10
[3, 5, 4, 5]
-0.0202361524
[3, 5, 5, 4]
0.0202361524
0, 1, 2, 3
values: 5, 6, 7, 8
0, 3, 1, 2
values: 5, 6, 7, 8
[9, 11, 10, 11]
-0.0741102504
[9, 11, 11, 10]
0.0741102504
[5, 4, 4, 3]
0.030195052
[3, 4, 4, 5]
0.030195052
[8, 10, 10, 9]
-0.0010121216
[8, 10, 10, 9]
-0.0010121216
[5, 6, 6, 4]
-0.0010121216
[4, 6, 6, 5]
-0.0010121216
1, 3, 2, 0
values: 3, 4, 5, 6
3, 2, 1, 0
values: 3, 4, 5, 6
3, 2, 1, 0
values: 7, 8, 9, 10
2, 1, 3, 0
values: 7, 8, 9, 10
2, 1, 0, 3
values: 5, 6, 7, 8
2, 3, 0, 1
values: 5, 6, 7, 8
1, 3, 0, 2
values: 5, 6, 7, 8
0, 1, 3, 2
values: 0, 1, 2, 3
0, 3, 1, 2
values: 0, 1, 2, 3
0, 1, 3, 2
values: 8, 9, 10, 11
0, 3, 2, 1
values: 8, 9, 10, 11
0, 1, 2, 3
values: 2, 3, 4, 5
0, 3, 2, 1
values: 2, 3, 4, 5
2, 3, 1, 0
values: 4, 5, 6, 7
2, 1, 3, 0
values: 4, 5, 6, 7
2, 1, 3, 0
values: 5, 6, 7, 8
1, 3, 2, 0
values: 5, 6, 7, 8
1, 0, 3, 2
values: 0, 1, 2, 3
3, 0, 1, 2
values: 0, 1, 2, 3
-3.78934477840113
Predicted energy: -7.83905405841923
Predicted energy: -7.80837444266151
Predicted energy: -7.57550589763093
Predicted energy: -7.82094282369263
Predicted energy: -7.56293751659981
Predicted energy: -7.18221374647614
Predicted energy: -7.57550589763093
Predicted energy: -7.56293751659981
Predicted energy: -7.7776948269038
Predicted energy: -7.57550589763093
Average predicted energy: -7.62806726242457
