0, 1, 2, 3
values: 0, 1, 2, 3
0, 3, 1, 2
values: 0, 1, 2, 3
[9, 11, 10, 11]
0.0574467188
[9, 11, 11, 10]
-0.0574467188
[1, 0, 2, 1]
-0.0894873734
[0, 1, 1, 2]
-0.0894873734
0, 1, 3, 2
values: 0, 1, 2, 3
0, 3, 1, 2
values: 0, 1, 2, 3
[9, 10, 11, 9]
-0.0894873734
[10, 9, 9, 11]
-0.0894873734
0, 3, 1, 2
values: 4, 5, 6, 7
0, 2, 3, 1
values: 4, 5, 6, 7
[11, 9, 9, 10]
-0.0415201308
[10, 9, 9, 11]
0.0415201308
[5, 4, 6, 4]
0.372863875
[5, 4, 4, 6]
-0.372863875
[1, 3, 2, 1]
-0.0366015574
[2, 1, 1, 3]
0.0366015574
[1, 3, 2, 3]
-0.0503867336
[1, 3, 3, 2]
0.0503867336
[1, 2, 2, 3]
-0.0124835864
[1, 2, 2, 3]
-0.0124835864
[2, 3, 3, 4]
-0.0775327252
[2, 3, 3, 4]
-0.0775327252
[8, 9, 7, 9]
-0.071864865
[7, 9, 9, 8]
-0.071864865
[7, 6, 8, 7]
-0.2921304918
[6, 7, 7, 8]
-0.2921304918
[3, 4, 5, 3]
0.2642279862
[4, 3, 3, 5]
0.2642279862
[3, 4, 5, 4]
0.003072704
[3, 4, 4, 5]
-0.003072704
[3, 5, 5, 4]
0.011379559
[3, 5, 5, 4]
0.011379559
[3, 5, 4, 5]
0.0127715572
[3, 5, 5, 4]
-0.0127715572
[4, 5, 3, 4]
0.071864865
[3, 4, 4, 5]
-0.071864865
[4, 5, 6, 4]
-0.0356431186
[5, 4, 4, 6]
-0.0356431186
[4, 5, 6, 5]
0.0420790704
[4, 5, 5, 6]
-0.0420790704
[4, 6, 6, 5]
-0.0380237642
[4, 6, 6, 5]
-0.0380237642
[8, 10, 9, 10]
-0.0202361524
[8, 10, 10, 9]
0.0202361524
3, 1, 2, 0
values: 0, 1, 2, 3
3, 2, 1, 0
values: 0, 1, 2, 3
[7, 9, 9, 8]
-0.0478542514
[7, 9, 9, 8]
-0.0478542514
[3, 4, 5, 3]
-0.0356431186
[4, 3, 3, 5]
-0.0356431186
[3, 4, 5, 4]
0.0420790704
[3, 4, 4, 5]
-0.0420790704
[3, 5, 5, 4]
-0.0380237642
[3, 5, 5, 4]
-0.0380237642
[4, 2, 3, 4]
0.0449689884
[2, 4, 4, 3]
0.0449689884
[8, 9, 9, 7]
0.032246935
[7, 9, 9, 8]
-0.032246935
3, 0, 1, 2
values: 5, 6, 7, 8
2, 0, 3, 1
values: 5, 6, 7, 8
[5, 4, 6, 4]
-0.3185413744
[5, 4, 4, 6]
0.3185413744
0, 1, 2, 3
values: 8, 9, 10, 11
0, 3, 1, 2
values: 8, 9, 10, 11
1, 0, 2, 3
values: 2, 3, 4, 5
3, 0, 1, 2
values: 2, 3, 4, 5
[6, 8, 7, 6]
0.0180815036
[7, 6, 6, 8]
-0.0180815036
[6, 8, 7, 8]
0.0248975482
[6, 8, 8, 7]
-0.0248975482
[6, 7, 7, 8]
-0.030050432
[6, 7, 7, 8]
-0.030050432
3, 1, 2, 0
values: 0, 1, 2, 3
2, 3, 1, 0
values: 0, 1, 2, 3
2, 1, 0, 3
values: 4, 5, 6, 7
1, 3, 0, 2
values: 4, 5, 6, 7
[9, 10, 10, 8]
-0.0010121216
[8, 10, 10, 9]
0.0010121216
2, 1, 0, 3
values: 4, 5, 6, 7
2, 3, 0, 1
values: 4, 5, 6, 7
[8, 6, 7, 6]
0.2210573096
[7, 6, 6, 8]
0.2210573096
[4, 5, 3, 5]
0.0775327252
[3, 5, 5, 4]
0.0775327252
[2, 3, 3, 1]
-0.02737553
[1, 3, 3, 2]
0.02737553
2, 1, 3, 0
values: 6, 7, 8, 9
1, 3, 2, 0
values: 6, 7, 8, 9
1, 2, 3, 0
values: 4, 5, 6, 7
3, 1, 2, 0
values: 4, 5, 6, 7
[8, 10, 10, 9]
-0.02737553
[8, 10, 10, 9]
-0.02737553
[2, 1, 3, 1]
0.007147811
[2, 1, 1, 3]
-0.007147811
[2, 1, 3, 1]
-0.0202361524
[2, 1, 1, 3]
0.0202361524
0, 1, 3, 2
values: 8, 9, 10, 11
0, 3, 2, 1
values: 8, 9, 10, 11
[7, 5, 6, 5]
0.067609622
[6, 5, 5, 7]
0.067609622
[6, 7, 8, 7]
-0.3137668038
[6, 7, 7, 8]
0.3137668038
2, 3, 1, 0
values: 0, 1, 2, 3
1, 2, 3, 0
values: 0, 1, 2, 3
2, 0, 3, 1
values: 6, 7, 8, 9
1, 0, 3, 2
values: 6, 7, 8, 9
[2, 3, 3, 4]
0.032246935
[2, 3, 3, 4]
0.032246935
[2, 1, 1, 3]
-0.0123427758
[2, 1, 1, 3]
-0.0123427758
3, 1, 2, 0
values: 5, 6, 7, 8
2, 3, 1, 0
values: 5, 6, 7, 8
3, 1, 2, 0
values: 0, 1, 2, 3
3, 2, 1, 0
values: 0, 1, 2, 3
2, 3, 1, 0
values: 1, 2, 3, 4
1, 2, 3, 0
values: 1, 2, 3, 4
[4, 3, 2, 4]
0.3319548272
[2, 4, 4, 3]
-0.3319548272
[7, 8, 6, 7]
0.3319548272
[6, 7, 7, 8]
-0.3319548272
[2, 1, 1, 3]
-0.0300266936
[2, 1, 1, 3]
-0.0300266936
[6, 4, 5, 6]
0.0449689884
[4, 6, 6, 5]
0.0449689884
[3, 1, 2, 1]
-0.0741102504
[2, 1, 1, 3]
-0.0741102504
[5, 4, 6, 4]
0.011539525
[5, 4, 4, 6]
-0.011539525
[6, 7, 8, 6]
0.2642279862
[7, 6, 6, 8]
0.2642279862
[6, 7, 8, 7]
0.003072704
[6, 7, 7, 8]
-0.003072704
[6, 8, 8, 7]
0.011379559
[6, 8, 8, 7]
0.011379559
2, 3, 1, 0
values: 0, 1, 2, 3
2, 1, 3, 0
values: 0, 1, 2, 3
3, 0, 1, 2
values: 4, 5, 6, 7
2, 0, 3, 1
values: 4, 5, 6, 7
1, 0, 2, 3
values: 8, 9, 10, 11
3, 0, 2, 1
values: 8, 9, 10, 11
2, 3, 1, 0
values: 0, 1, 2, 3
1, 2, 3, 0
values: 0, 1, 2, 3
2, 3, 0, 1
values: 0, 1, 2, 3
2, 1, 0, 3
values: 0, 1, 2, 3
[6, 5, 7, 5]
0.2921304918
[6, 5, 5, 7]
-0.2921304918
[7, 8, 9, 8]
-0.00878899
[7, 8, 8, 9]
0.00878899
[5, 4, 4, 3]
0.030195052
[3, 4, 4, 5]
-0.030195052
1, 3, 0, 2
values: 0, 1, 2, 3
2, 3, 0, 1
values: 0, 1, 2, 3
[7, 6, 8, 7]
-0.372863875
[6, 7, 7, 8]
-0.372863875
[4, 3, 2, 4]
-0.0106238032
[2, 4, 4, 3]
0.0106238032
[4, 3, 3, 5]
0.3137668038
[4, 3, 3, 5]
0.3137668038
0, 1, 2, 3
values: 8, 9, 10, 11
0, 3, 1, 2
values: 8, 9, 10, 11
0, 3, 1, 2
values: 5, 6, 7, 8
0, 1, 3, 2
values: 5, 6, 7, 8
1, 2, 0, 3
values: 4, 5, 6, 7
3, 1, 0, 2
values: 4, 5, 6, 7
[7, 6, 6, 8]
0.0318696224
[7, 6, 6, 8]
0.0318696224
[3, 1, 2, 1]
-0.0741102504
[2, 1, 1, 3]
-0.0741102504
[6, 4, 5, 6]
-0.0106238032
[4, 6, 6, 5]
-0.0106238032
3, 2, 0, 1
values: 6, 7, 8, 9
1, 2, 0, 3
values: 6, 7, 8, 9
[4, 3, 3, 5]
-0.0010121216
[4, 3, 3, 5]
-0.0010121216
2, 0, 1, 3
values: 2, 3, 4, 5
1, 0, 3, 2
values: 2, 3, 4, 5
0, 3, 1, 2
values: 6, 7, 8, 9
0, 3, 2, 1
values: 6, 7, 8, 9
[6, 7, 7, 5]
-0.011539525
[5, 7, 7, 6]
0.011539525
[3, 1, 2, 1]
-0.099662864
[2, 1, 1, 3]
-0.099662864
0, 2, 1, 3
values: 8, 9, 10, 11
0, 1, 3, 2
values: 8, 9, 10, 11
0, 2, 1, 3
values: 3, 4, 5, 6
0, 2, 3, 1
values: 3, 4, 5, 6
[5, 7, 7, 6]
-0.0356176146
[5, 7, 7, 6]
-0.0356176146
0, 2, 3, 1
values: 4, 5, 6, 7
0, 2, 1, 3
values: 4, 5, 6, 7
[9, 10, 8, 10]
-0.0202361524
[8, 10, 10, 9]
-0.0202361524
[3, 1, 2, 1]
-0.099662864
[2, 1, 1, 3]
-0.099662864
1, 2, 0, 3
values: 4, 5, 6, 7
3, 1, 0, 2
values: 4, 5, 6, 7
[8, 10, 9, 10]
-0.099662864
[8, 10, 10, 9]
0.099662864
2, 1, 3, 0
values: 2, 3, 4, 5
2, 3, 1, 0
values: 2, 3, 4, 5
1, 3, 2, 0
values: 2, 3, 4, 5
3, 0, 2, 1
values: 6, 7, 8, 9
1, 0, 2, 3
values: 6, 7, 8, 9
2, 0, 1, 3
values: 6, 7, 8, 9
[6, 7, 5, 6]
0.3185413744
[5, 6, 6, 7]
-0.3185413744
1, 3, 2, 0
values: 0, 1, 2, 3
3, 2, 1, 0
values: 0, 1, 2, 3
[8, 10, 10, 9]
-0.0070477526
[8, 10, 10, 9]
-0.0070477526
0, 1, 3, 2
values: 3, 4, 5, 6
0, 3, 2, 1
values: 3, 4, 5, 6
[8, 10, 9, 10]
-0.0013965976
[8, 10, 10, 9]
0.0013965976
3, 1, 2, 0
values: 3, 4, 5, 6
2, 3, 1, 0
values: 3, 4, 5, 6
[6, 7, 8, 7]
-0.0576717766
[6, 7, 7, 8]
0.0576717766
[5, 3, 4, 3]
0.007147811
[4, 3, 3, 5]
0.007147811
[6, 4, 5, 4]
-0.0318696224
[5, 4, 4, 6]
-0.0318696224
[2, 1, 1, 3]
-0.02737553
[2, 1, 1, 3]
-0.02737553
0, 2, 3, 1
values: 8, 9, 10, 11
0, 1, 2, 3
values: 8, 9, 10, 11
[4, 5, 3, 5]
0.0127715572
[3, 5, 5, 4]
0.0127715572
[8, 10, 9, 10]
0.007147811
[8, 10, 10, 9]
-0.007147811
0, 3, 2, 1
values: 4, 5, 6, 7
0, 2, 1, 3
values: 4, 5, 6, 7
[9, 10, 8, 10]
-0.0013965976
[8, 10, 10, 9]
-0.0013965976
[7, 9, 8, 7]
0.0180815036
[8, 7, 7, 9]
-0.0180815036
[7, 9, 8, 9]
0.0248975482
[7, 9, 9, 8]
-0.0248975482
[7, 8, 8, 9]
-0.030050432
[7, 8, 8, 9]
-0.030050432
[4, 6, 5, 6]
-0.0191326828
[4, 6, 6, 5]
0.0191326828
[8, 7, 9, 7]
-0.0191326828
[8, 7, 7, 9]
0.0191326828
[6, 8, 8, 7]
-0.0478542514
[6, 8, 8, 7]
-0.0478542514
3, 1, 2, 0
values: 4, 5, 6, 7
2, 3, 1, 0
values: 4, 5, 6, 7
[4, 2, 2, 3]
-0.0300266936
[3, 2, 2, 4]
0.0300266936
[7, 6, 6, 5]
0.00878899
[5, 6, 6, 7]
-0.00878899
[7, 8, 8, 9]
-0.0123427758
[7, 8, 8, 9]
-0.0123427758
[3, 1, 2, 1]
-0.0741102504
[2, 1, 1, 3]
-0.0741102504
0, 3, 1, 2
values: 4, 5, 6, 7
0, 2, 3, 1
values: 4, 5, 6, 7
[8, 10, 9, 10]
0.007147811
[8, 10, 10, 9]
-0.007147811
[1, 3, 2, 3]
-0.030195052
[1, 3, 3, 2]
0.030195052
[9, 7, 8, 9]
-0.067609622
[7, 9, 9, 8]
-0.067609622
[4, 5, 5, 6]
-0.0070477526
[4, 5, 5, 6]
-0.0070477526
2, 3, 1, 0
values: 0, 1, 2, 3
2, 1, 3, 0
values: 0, 1, 2, 3
0, 1, 2, 3
values: 4, 5, 6, 7
0, 2, 1, 3
values: 4, 5, 6, 7
1, 0, 2, 3
values: 8, 9, 10, 11
3, 0, 2, 1
values: 8, 9, 10, 11
[10, 11, 11, 9]
-0.0300266936
[9, 11, 11, 10]
0.0300266936
[2, 0, 0, 1]
-0.0415201308
[1, 0, 0, 2]
0.0415201308
[9, 8, 8, 7]
-0.0356176146
[7, 8, 8, 9]
0.0356176146
1, 3, 2, 0
values: 5, 6, 7, 8
3, 1, 2, 0
values: 5, 6, 7, 8
[8, 7, 9, 7]
0.0574467188
[8, 7, 7, 9]
-0.0574467188
[3, 1, 1, 2]
-0.0070477526
[2, 1, 1, 3]
0.0070477526
[8, 7, 7, 9]
-0.0070477526
[8, 7, 7, 9]
-0.0070477526
[4, 3, 2, 3]
-0.0576717766
[2, 3, 3, 4]
-0.0576717766
[2, 3, 4, 2]
-0.0366015574
[3, 2, 2, 4]
-0.0366015574
[2, 3, 4, 3]
-0.0503867336
[2, 3, 3, 4]
0.0503867336
[2, 4, 4, 3]
-0.0124835864
[2, 4, 4, 3]
-0.0124835864
[10, 9, 11, 10]
-0.2210573096
[9, 10, 10, 11]
-0.2210573096
2, 3, 0, 1
values: 2, 3, 4, 5
2, 1, 0, 3
values: 2, 3, 4, 5
0, 3, 1, 2
values: 8, 9, 10, 11
0, 2, 3, 1
values: 8, 9, 10, 11
2, 3, 1, 0
values: 7, 8, 9, 10
1, 2, 3, 0
values: 7, 8, 9, 10
[5, 4, 4, 6]
-0.068134058
[5, 4, 4, 6]
-0.068134058
2, 1, 3, 0
values: 2, 3, 4, 5
1, 2, 3, 0
values: 2, 3, 4, 5
[8, 6, 7, 6]
0.0102069888
[7, 6, 6, 8]
0.0102069888
[11, 10, 10, 9]
-0.0123427758
[9, 10, 10, 11]
0.0123427758
0, 1, 3, 2
values: 2, 3, 4, 5
0, 2, 3, 1
values: 2, 3, 4, 5
[9, 8, 7, 8]
-0.0202361524
[7, 8, 8, 9]
-0.0202361524
[8, 10, 10, 9]
-0.0010121216
[8, 10, 10, 9]
-0.0010121216
3, 2, 1, 0
values: 0, 1, 2, 3
2, 1, 3, 0
values: 0, 1, 2, 3
1, 3, 2, 0
values: 4, 5, 6, 7
3, 1, 2, 0
values: 4, 5, 6, 7
[8, 10, 9, 10]
-0.0741102504
[8, 10, 10, 9]
0.0741102504
[0, 1, 2, 1]
0.0102069888
[0, 1, 1, 2]
-0.0102069888
0, 2, 3, 1
values: 6, 7, 8, 9
0, 1, 2, 3
values: 6, 7, 8, 9
[9, 8, 10, 8]
-0.0013965976
[9, 8, 8, 10]
0.0013965976
[8, 9, 7, 9]
-0.0013965976
[7, 9, 9, 8]
-0.0013965976
[1, 2, 2, 3]
-0.0300266936
[1, 2, 2, 3]
-0.0300266936
0, 1, 2, 3
values: 8, 9, 10, 11
0, 3, 1, 2
values: 8, 9, 10, 11
[3, 2, 4, 2]
0.0102069888
[3, 2, 2, 4]
-0.0102069888
2, 3, 1, 0
values: 8, 9, 10, 11
1, 2, 3, 0
values: 8, 9, 10, 11
2, 0, 1, 3
values: 0, 1, 2, 3
1, 0, 2, 3
values: 0, 1, 2, 3
[6, 7, 7, 5]
-0.0123427758
[5, 7, 7, 6]
0.0123427758
[8, 9, 10, 9]
0.0102069888
[8, 9, 9, 10]
-0.0102069888
0, 1, 3, 2
values: 5, 6, 7, 8
0, 2, 3, 1
values: 5, 6, 7, 8
[10, 8, 8, 9]
-0.02737553
[9, 8, 8, 10]
0.02737553
[4, 3, 3, 5]
-0.0415201308
[4, 3, 3, 5]
-0.0415201308
1, 0, 2, 3
values: 4, 5, 6, 7
3, 0, 1, 2
values: 4, 5, 6, 7
2, 3, 0, 1
values: 4, 5, 6, 7
1, 2, 0, 3
values: 4, 5, 6, 7
1, 2, 3, 0
values: 8, 9, 10, 11
2, 1, 3, 0
values: 8, 9, 10, 11
[5, 3, 3, 4]
-0.0415201308
[4, 3, 3, 5]
0.0415201308
2, 0, 1, 3
values: 8, 9, 10, 11
1, 0, 2, 3
values: 8, 9, 10, 11
1, 3, 2, 0
values: 8, 9, 10, 11
3, 2, 1, 0
values: 8, 9, 10, 11
[3, 4, 5, 4]
-0.099662864
[3, 4, 4, 5]
0.099662864
1, 2, 0, 3
values: 2, 3, 4, 5
3, 1, 0, 2
values: 2, 3, 4, 5
[4, 6, 6, 5]
-0.068134058
[4, 6, 6, 5]
-0.068134058
[3, 1, 1, 2]
-0.0010121216
[2, 1, 1, 3]
0.0010121216
3, 2, 1, 0
values: 1, 2, 3, 4
2, 1, 3, 0
values: 1, 2, 3, 4
1, 2, 0, 3
values: 0, 1, 2, 3
3, 2, 0, 1
values: 0, 1, 2, 3
3, 0, 1, 2
values: 5, 6, 7, 8
1, 0, 3, 2
values: 5, 6, 7, 8
3, 2, 0, 1
values: 5, 6, 7, 8
2, 1, 0, 3
values: 5, 6, 7, 8
1, 0, 3, 2
values: 5, 6, 7, 8
3, 0, 2, 1
values: 5, 6, 7, 8
1, 2, 3, 0
values: 1, 2, 3, 4
3, 1, 2, 0
values: 1, 2, 3, 4
Predicted energy: -9.88482797368352
Predicted energy: -9.84157997689469
Predicted energy: -9.8053575074415
