[0, 2, 1, 2]
-0.0621307942
[0, 2, 2, 1]
0.0621307942
[1, 3, 2, 1]
0.0315154058
[2, 1, 1, 3]
-0.0315154058
[6, 5, 5, 7]
-0.032522841
[6, 5, 5, 7]
-0.032522841
[5, 6, 7, 5]
0.1049169504
[6, 5, 5, 7]
0.1049169504
[4, 5, 3, 4]
-0.1022011666
[3, 4, 4, 5]
0.1022011666
[2, 0, 0, 1]
-0.1101676068
[1, 0, 0, 2]
0.1101676068
[3, 1, 1, 2]
-0.1101676068
[2, 1, 1, 3]
0.1101676068
0, 1, 3, 2
values: 4, 5, 6, 7
0, 3, 2, 1
values: 4, 5, 6, 7
[3, 4, 5, 4]
0.1022011666
[3, 4, 4, 5]
-0.1022011666
0, 1, 3, 2
values: 3, 4, 5, 6
0, 3, 2, 1
values: 3, 4, 5, 6
[2, 1, 1, 0]
0.1147417082
[0, 1, 1, 2]
-0.1147417082
3, 0, 2, 1
values: 1, 2, 3, 4
2, 0, 1, 3
values: 1, 2, 3, 4
[5, 3, 3, 4]
0.0572329356
[4, 3, 3, 5]
-0.0572329356
[6, 5, 7, 6]
0.0315154058
[5, 6, 6, 7]
0.0315154058
[3, 1, 2, 1]
0.059645414
[2, 1, 1, 3]
0.059645414
1, 3, 0, 2
values: 1, 2, 3, 4
3, 2, 0, 1
values: 1, 2, 3, 4
1, 0, 2, 3
values: 2, 3, 4, 5
3, 0, 1, 2
values: 2, 3, 4, 5
[5, 7, 7, 6]
-0.032522841
[5, 7, 7, 6]
-0.032522841
0, 1, 2, 3
values: 0, 1, 2, 3
0, 3, 2, 1
values: 0, 1, 2, 3
0, 3, 1, 2
values: 0, 1, 2, 3
3, 1, 0, 2
values: 0, 1, 2, 3
3, 2, 0, 1
values: 0, 1, 2, 3
[6, 5, 4, 5]
-0.0572329356
[4, 5, 5, 6]
-0.0572329356
[1, 0, 2, 1]
-0.0579710582
[0, 1, 1, 2]
-0.0579710582
2, 1, 3, 0
values: 0, 1, 2, 3
2, 3, 1, 0
values: 0, 1, 2, 3
[6, 5, 4, 6]
0.1049169504
[4, 6, 6, 5]
-0.1049169504
0, 2, 1, 3
values: 0, 1, 2, 3
0, 1, 3, 2
values: 0, 1, 2, 3
3, 2, 1, 0
values: 1, 2, 3, 4
1, 2, 3, 0
values: 1, 2, 3, 4
[2, 1, 3, 1]
0.0579710582
[2, 1, 1, 3]
-0.0579710582
[1, 3, 2, 3]
0.0589701132
[1, 3, 3, 2]
-0.0589701132
0, 3, 2, 1
values: 0, 1, 2, 3
0, 2, 1, 3
values: 0, 1, 2, 3
2, 1, 3, 0
values: 2, 3, 4, 5
1, 3, 2, 0
values: 2, 3, 4, 5
[5, 7, 6, 7]
0.0589701132
[5, 7, 7, 6]
-0.0589701132
[1, 3, 2, 3]
-0.1147417082
[1, 3, 3, 2]
0.1147417082
2, 3, 1, 0
values: 0, 1, 2, 3
1, 3, 2, 0
values: 0, 1, 2, 3
3, 2, 0, 1
values: 4, 5, 6, 7
3, 1, 0, 2
values: 4, 5, 6, 7
[3, 4, 5, 4]
-0.0585661592
[3, 4, 4, 5]
0.0585661592
[0, 1, 2, 1]
-0.0585661592
[0, 1, 1, 2]
0.0585661592
[2, 1, 0, 1]
0.059645414
[0, 1, 1, 2]
0.059645414
2, 1, 3, 0
values: 4, 5, 6, 7
1, 3, 2, 0
values: 4, 5, 6, 7
3, 1, 0, 2
values: 0, 1, 2, 3
2, 3, 0, 1
values: 0, 1, 2, 3
[0, 1, 2, 1]
-0.0621307942
[0, 1, 1, 2]
0.0621307942
0, 3, 1, 2
values: 1, 2, 3, 4
0, 3, 2, 1
values: 1, 2, 3, 4
3, 1, 2, 0
values: 0, 1, 2, 3
2, 3, 1, 0
values: 0, 1, 2, 3
2, 3, 1, 0
values: 4, 5, 6, 7
2, 1, 3, 0
values: 4, 5, 6, 7
1, 0, 2, 3
values: 0, 1, 2, 3
3, 0, 2, 1
values: 0, 1, 2, 3
1, 2, 3, 0
values: 3, 4, 5, 6
3, 1, 2, 0
values: 3, 4, 5, 6
0, 2, 1, 3
values: 3, 4, 5, 6
0, 2, 3, 1
values: 3, 4, 5, 6
0, 1, 3, 2
values: 3, 4, 5, 6
Predicted energy: -1.65550313316446
Predicted energy: -1.53278467013361
Predicted energy: -1.62482351740675
Predicted energy: -1.05447919904133
Predicted energy: -1.64293475213335
Predicted energy: -1.77822159619532
Predicted energy: -1.2385568935876
Predicted energy: -2.02365852225702
Predicted energy: -1.64293475213335
Predicted energy: -1.80890121195303
Average predicted energy: -1.60027982480058
