PP | 7, 7
PP | 6, 6
PP | 5, 5
PP | 4, 4
PP | 3, 3
PP | 2, 2
PP | 1, 1
PP | 0, 0
Identity | 
1, 0, 3, 2
values: 1, 2, 3, 4
PQRS | 1, 2, 4, 3
3, 0, 1, 2
values: 1, 2, 3, 4
PQRS | 1, 4, 3, 2
PQQP | 5, 6, 6, 5
PQQP | 0, 1, 0, 1
PQQP | 6, 7, 6, 7
PQQP | 3, 4, 4, 3
PQQP | 5, 6, 6, 5
PQQP | 1, 2, 2, 1
PQQP | 3, 4, 3, 4
PQQP | 2, 3, 3, 2
PQ | 0, 1
PQQP | 0, 1, 1, 0
PQQP | 4, 5, 4, 5
[6, 7, 5, 6]
0.0315154058
PQQR | 5, 6, 6, 7
2, 0, 3, 1
values: 0, 1, 2, 3
PQRS | 0, 2, 3, 1
2, 0, 1, 3
values: 0, 1, 2, 3
PQRS | 0, 3, 2, 1
1, 0, 2, 3
values: 0, 1, 2, 3
PQRS | 0, 1, 3, 2
PQ | 7, 6
PQQP | 6, 7, 6, 7
[1, 2, 3, 2]
-0.0572329356
PQQR | 1, 2, 2, 3
PQQP | 4, 5, 4, 5
[6, 4, 5, 4]
-0.0621307942
PQQR | 5, 4, 4, 6
[2, 1, 0, 2]
0.1049169504
PQQR | 0, 2, 2, 1
[2, 0, 1, 2]
0.1049169504
PQQR | 0, 2, 2, 1
[6, 5, 7, 5]
-0.0621307942
PQQR | 6, 5, 5, 7
PQ | 4, 3
PQQP | 3, 4, 3, 4
PQQP | 5, 6, 6, 5
[1, 2, 0, 2]
0.0579710582
PQQR | 0, 2, 2, 1
PQQP | 3, 4, 3, 4
PQQP | 0, 1, 0, 1
PQQP | 6, 7, 6, 7
PQQP | 2, 3, 3, 2
1, 0, 2, 3
values: 1, 2, 3, 4
PQRS | 1, 2, 4, 3
3, 0, 1, 2
values: 1, 2, 3, 4
PQRS | 1, 4, 3, 2
PQQP | 3, 4, 3, 4
PQ | 7, 6
PQQP | 6, 7, 6, 7
[0, 2, 2, 1]
0.1147417082
PQQR | 0, 2, 2, 1
PQQP | 1, 2, 2, 1
[5, 6, 4, 6]
0.0589701132
PQQR | 4, 6, 6, 5
PQQP | 5, 6, 6, 5
[2, 3, 4, 3]
0.0589701132
PQQR | 2, 3, 3, 4
3, 1, 0, 2
values: 2, 3, 4, 5
PQRS | 2, 5, 4, 3
2, 3, 0, 1
values: 2, 3, 4, 5
PQRS | 2, 3, 5, 4
PQQP | 6, 7, 7, 6
[5, 4, 3, 5]
-0.1022011666
PQQR | 3, 5, 5, 4
0, 3, 1, 2
values: 2, 3, 4, 5
PQRS | 2, 4, 5, 3
0, 2, 3, 1
values: 2, 3, 4, 5
PQRS | 2, 5, 4, 3
PQQP | 4, 5, 5, 4
[2, 0, 1, 0]
0.059645414
PQQR | 1, 0, 0, 2
PQQP | 6, 7, 6, 7
2, 3, 1, 0
values: 2, 3, 4, 5
PQRS | 2, 3, 5, 4
1, 2, 3, 0
values: 2, 3, 4, 5
PQRS | 2, 5, 4, 3
PQQP | 6, 7, 6, 7
PQQP | 6, 7, 7, 6
[4, 3, 2, 4]
0.0315154058
PQQR | 2, 4, 4, 3
0, 2, 3, 1
values: 4, 5, 6, 7
PQRS | 4, 7, 6, 5
0, 2, 1, 3
values: 4, 5, 6, 7
PQRS | 4, 6, 7, 5
0, 2, 1, 3
values: 0, 1, 2, 3
PQRS | 0, 2, 3, 1
0, 1, 2, 3
values: 0, 1, 2, 3
PQRS | 0, 1, 3, 2
1, 0, 2, 3
values: 3, 4, 5, 6
PQRS | 3, 4, 6, 5
3, 0, 1, 2
values: 3, 4, 5, 6
PQRS | 3, 6, 5, 4
PQQP | 6, 7, 7, 6
[2, 3, 1, 2]
-0.0579710582
PQQR | 1, 2, 2, 3
[5, 6, 7, 6]
-0.1147417082
PQQR | 5, 6, 6, 7
[1, 2, 3, 2]
-0.0585661592
PQQR | 1, 2, 2, 3
3, 2, 0, 1
values: 4, 5, 6, 7
PQRS | 4, 5, 7, 6
2, 1, 0, 3
values: 4, 5, 6, 7
PQRS | 4, 7, 6, 5
[3, 1, 1, 2]
0.0572329356
PQQR | 2, 1, 1, 3
[6, 5, 5, 7]
-0.032522841
PQQR | 6, 5, 5, 7
[3, 2, 2, 1]
-0.032522841
PQQR | 1, 2, 2, 3
1, 3, 2, 0
values: 2, 3, 4, 5
PQRS | 2, 5, 4, 3
3, 2, 1, 0
values: 2, 3, 4, 5
PQRS | 2, 3, 5, 4
[5, 7, 7, 6]
-0.1101676068
PQQR | 5, 7, 7, 6
[6, 4, 5, 4]
0.1022011666
PQQR | 5, 4, 4, 6
3, 2, 1, 0
values: 0, 1, 2, 3
PQRS | 0, 1, 3, 2
2, 1, 3, 0
values: 0, 1, 2, 3
PQRS | 0, 2, 3, 1
2, 1, 0, 3
values: 4, 5, 6, 7
PQRS | 4, 7, 6, 5
1, 3, 0, 2
values: 4, 5, 6, 7
PQRS | 4, 6, 7, 5
0, 3, 2, 1
values: 4, 5, 6, 7
PQRS | 4, 7, 6, 5
0, 1, 2, 3
values: 4, 5, 6, 7
PQRS | 4, 5, 7, 6
2, 1, 3, 0
values: 0, 1, 2, 3
PQRS | 0, 2, 3, 1
2, 3, 1, 0
values: 0, 1, 2, 3
PQRS | 0, 1, 3, 2
1, 0, 3, 2
values: 1, 2, 3, 4
PQRS | 1, 2, 4, 3
2, 0, 3, 1
values: 1, 2, 3, 4
PQRS | 1, 3, 4, 2
[0, 2, 2, 1]
-0.1101676068
PQQR | 0, 2, 2, 1
0, 1, 3, 2
values: 1, 2, 3, 4
PQRS | 1, 2, 4, 3
0, 2, 3, 1
values: 1, 2, 3, 4
PQRS | 1, 4, 3, 2
3, 0, 2, 1
values: 0, 1, 2, 3
PQRS | 0, 2, 3, 1
1, 0, 2, 3
values: 0, 1, 2, 3
PQRS | 0, 1, 3, 2
2, 0, 1, 3
values: 0, 1, 2, 3
PQRS | 0, 3, 2, 1
1, 3, 0, 2
values: 1, 2, 3, 4
PQRS | 1, 3, 4, 2
3, 2, 0, 1
values: 1, 2, 3, 4
PQRS | 1, 2, 4, 3
[6, 5, 4, 5]
0.059645414
PQQR | 4, 5, 5, 6
3, 1, 2, 0
values: 4, 5, 6, 7
PQRS | 4, 6, 7, 5
2, 3, 1, 0
values: 4, 5, 6, 7
PQRS | 4, 5, 7, 6
[0, 2, 1, 2]
-0.0585661592
PQQR | 0, 2, 2, 1
1, 2, 0, 3
values: 2, 3, 4, 5
PQRS | 2, 4, 5, 3
2, 1, 0, 3
values: 2, 3, 4, 5
PQRS | 2, 5, 4, 3
1, 3, 2, 0
values: 4, 5, 6, 7
PQRS | 4, 7, 6, 5
3, 2, 1, 0
values: 4, 5, 6, 7
PQRS | 4, 5, 7, 6
-1.07259043376792
