1, 0, 3, 2
values: 1, 2, 3, 4
3, 0, 1, 2
values: 1, 2, 3, 4
[6, 7, 5, 6]
0.0315154058
[5, 6, 6, 7]
0.0315154058
2, 0, 3, 1
values: 0, 1, 2, 3
2, 0, 1, 3
values: 0, 1, 2, 3
1, 0, 2, 3
values: 0, 1, 2, 3
[1, 2, 3, 2]
-0.0572329356
[1, 2, 2, 3]
0.0572329356
[6, 4, 5, 4]
-0.0621307942
[5, 4, 4, 6]
0.0621307942
[2, 1, 0, 2]
0.1049169504
[0, 2, 2, 1]
0.1049169504
[2, 0, 1, 2]
0.1049169504
[0, 2, 2, 1]
0.1049169504
[6, 5, 7, 5]
-0.0621307942
[6, 5, 5, 7]
0.0621307942
[1, 2, 0, 2]
0.0579710582
[0, 2, 2, 1]
-0.0579710582
1, 0, 2, 3
values: 1, 2, 3, 4
3, 0, 1, 2
values: 1, 2, 3, 4
[0, 2, 2, 1]
0.1147417082
[0, 2, 2, 1]
0.1147417082
[5, 6, 4, 6]
0.0589701132
[4, 6, 6, 5]
-0.0589701132
[2, 3, 4, 3]
0.0589701132
[2, 3, 3, 4]
-0.0589701132
3, 1, 0, 2
values: 2, 3, 4, 5
2, 3, 0, 1
values: 2, 3, 4, 5
[5, 4, 3, 5]
-0.1022011666
[3, 5, 5, 4]
-0.1022011666
0, 3, 1, 2
values: 2, 3, 4, 5
0, 2, 3, 1
values: 2, 3, 4, 5
[2, 0, 1, 0]
0.059645414
[1, 0, 0, 2]
-0.059645414
2, 3, 1, 0
values: 2, 3, 4, 5
1, 2, 3, 0
values: 2, 3, 4, 5
[4, 3, 2, 4]
0.0315154058
[2, 4, 4, 3]
0.0315154058
0, 2, 3, 1
values: 4, 5, 6, 7
0, 2, 1, 3
values: 4, 5, 6, 7
0, 2, 1, 3
values: 0, 1, 2, 3
0, 1, 2, 3
values: 0, 1, 2, 3
1, 0, 2, 3
values: 3, 4, 5, 6
3, 0, 1, 2
values: 3, 4, 5, 6
[2, 3, 1, 2]
-0.0579710582
[1, 2, 2, 3]
-0.0579710582
[5, 6, 7, 6]
-0.1147417082
[5, 6, 6, 7]
0.1147417082
[1, 2, 3, 2]
-0.0585661592
[1, 2, 2, 3]
0.0585661592
3, 2, 0, 1
values: 4, 5, 6, 7
2, 1, 0, 3
values: 4, 5, 6, 7
[3, 1, 1, 2]
0.0572329356
[2, 1, 1, 3]
0.0572329356
[6, 5, 5, 7]
-0.032522841
[6, 5, 5, 7]
-0.032522841
[3, 2, 2, 1]
-0.032522841
[1, 2, 2, 3]
-0.032522841
1, 3, 2, 0
values: 2, 3, 4, 5
3, 2, 1, 0
values: 2, 3, 4, 5
[5, 7, 7, 6]
-0.1101676068
[5, 7, 7, 6]
-0.1101676068
[6, 4, 5, 4]
0.1022011666
[5, 4, 4, 6]
-0.1022011666
3, 2, 1, 0
values: 0, 1, 2, 3
2, 1, 3, 0
values: 0, 1, 2, 3
2, 1, 0, 3
values: 4, 5, 6, 7
1, 3, 0, 2
values: 4, 5, 6, 7
0, 3, 2, 1
values: 4, 5, 6, 7
0, 1, 2, 3
values: 4, 5, 6, 7
2, 1, 3, 0
values: 0, 1, 2, 3
2, 3, 1, 0
values: 0, 1, 2, 3
1, 0, 3, 2
values: 1, 2, 3, 4
2, 0, 3, 1
values: 1, 2, 3, 4
[0, 2, 2, 1]
-0.1101676068
[0, 2, 2, 1]
-0.1101676068
0, 1, 3, 2
values: 1, 2, 3, 4
0, 2, 3, 1
values: 1, 2, 3, 4
3, 0, 2, 1
values: 0, 1, 2, 3
1, 0, 2, 3
values: 0, 1, 2, 3
2, 0, 1, 3
values: 0, 1, 2, 3
1, 3, 0, 2
values: 1, 2, 3, 4
3, 2, 0, 1
values: 1, 2, 3, 4
[6, 5, 4, 5]
0.059645414
[4, 5, 5, 6]
-0.059645414
3, 1, 2, 0
values: 4, 5, 6, 7
2, 3, 1, 0
values: 4, 5, 6, 7
[0, 2, 1, 2]
-0.0585661592
[0, 2, 2, 1]
0.0585661592
1, 2, 0, 3
values: 2, 3, 4, 5
2, 1, 0, 3
values: 2, 3, 4, 5
1, 3, 2, 0
values: 4, 5, 6, 7
3, 2, 1, 0
values: 4, 5, 6, 7
-1.07259043376792
Predicted energy: -1.5021050543759
Predicted energy: -1.53278467013361
Predicted energy: -1.54535305116473
Predicted energy: -1.13394966528335
Predicted energy: -1.56346428589133
Predicted energy: -1.85214920874186
Predicted energy: -1.28734774407191
Predicted energy: -1.9929789064993
Predicted energy: -1.27477936304079
Predicted energy: -1.37938659134505
Average predicted energy: -1.50642985405478
