Number of (spin) Orbitals:  8 

Number of Interactions:  111 

Number of Unique Interactions:  74 

[(3, 4), (5, 6)]
[(2, 3), (4, 5), (6, 7)]
[(1, 2), (3, 4), (5, 6)]
[(0, 1), (2, 3), (4, 5)]
[(3, 4)]
Iteration  1 : [(1, 4, 2, 3), (5, 6)] 

[(1, 2), (3, 4), (5, 6)]
[(2, 3), (6, 7)]
[(1, 2), (3, 4), (5, 6)]
[(0, 1), (4, 5)]
[(3, 4)]
[(2, 3)]
[(1, 2)]
[(0, 1)]
Iteration  2 : [(5, 6, 4), (1, 2, 0)] 

[(1, 2), (3, 4), (5, 6)]
[(0, 1), (2, 3), (4, 5), (6, 7)]
[(1, 2), (3, 4), (5, 6)]
[(0, 1), (2, 3), (4, 5), (6, 7)]
[(1, 2), (3, 4), (5, 6)]
[(0, 1), (2, 3), (4, 5), (6, 7)]
[(1, 2), (3, 4), (5, 6)]
[(0, 1), (2, 3), (4, 5)]
Iteration  3 : [(2, 3), (5, 4), (7, 6)] 

[(1, 2), (5, 6)]
[(4, 5)]
[(3, 4), (5, 6)]
[(2, 3), (4, 5), (6, 7)]
[(1, 2)]
[(0, 1)]
Iteration  4 : [(1, 0), (2, 3, 4), (6, 5)] 

[(1, 2), (3, 4), (5, 6)]
[(0, 1), (2, 3), (4, 5), (6, 7)]
[(1, 2), (3, 4), (5, 6)]
[(0, 1), (2, 3), (4, 5), (6, 7)]
[(1, 2), (3, 4), (5, 6)]
[(0, 1), (2, 3), (4, 5)]
[(1, 2), (3, 4), (5, 6)]
[(0, 1), (2, 3)]
Iteration  5 : [(4, 5, 7, 6), (1, 0), (3, 2)] 

[(1, 2), (3, 4)]
[(2, 3), (4, 5), (6, 7)]
[(1, 2), (3, 4)]
[(0, 1), (2, 3), (4, 5)]
[(1, 2), (3, 4), (5, 6)]
[(0, 1), (2, 3), (4, 5)]
[(3, 4)]
Iteration  6 : [(3, 4, 5), (1, 2)] 

[(1, 2), (5, 6)]
[(0, 1), (2, 3), (6, 7)]
[(1, 2), (5, 6)]
[(2, 3), (4, 5)]
[(3, 4)]
[(2, 3), (4, 5)]
[(1, 2), (5, 6)]
Iteration  7 : [(3, 2, 1, 4), (5, 6)] 

[(0, 1), (2, 3), (4, 5), (6, 7)]
[(1, 2), (3, 4), (5, 6)]
[(2, 3), (4, 5), (6, 7)]
[(3, 4), (5, 6)]
[(2, 3)]
Iteration  8 : [(3, 5, 6, 4), (1, 0)] 

[(1, 2)]
[(2, 3), (4, 5), (6, 7)]
[(1, 2), (3, 4), (5, 6)]
[(0, 1), (2, 3), (4, 5), (6, 7)]
[(3, 4)]
[(2, 3)]
[(1, 2)]
Iteration  9 : [(5, 6), (0, 3, 2, 1)] 

[(1, 2)]
[(2, 3), (4, 5)]
[(3, 4), (5, 6)]
[(2, 3), (4, 5), (6, 7)]
[(1, 2), (3, 4), (5, 6)]
[(0, 1), (2, 3), (4, 5)]
Iteration  10 : [(6, 7), (4, 3), (0, 1)] 

[(1, 2)]
[(0, 1), (4, 5), (6, 7)]
[(1, 2), (3, 4), (5, 6)]
[(2, 3), (4, 5)]
[(1, 2), (3, 4)]
[(0, 1), (4, 5)]
Iteration  11 : [(4, 3), (2, 1), (5, 6, 7)] 

[(1, 2), (3, 4)]
[(2, 3), (6, 7)]
[(1, 2), (3, 4)]
[(0, 1), (4, 5)]
[(5, 6)]
Iteration  12 : [(6, 5), (4, 2, 1, 3)] 

[(1, 2), (3, 4)]
[(0, 1), (2, 3), (4, 5), (6, 7)]
[(1, 2), (3, 4), (5, 6)]
[(0, 1), (2, 3), (4, 5), (6, 7)]
[(1, 2), (3, 4), (5, 6)]
[(0, 1), (2, 3), (4, 5), (6, 7)]
[(1, 2)]
[(0, 1)]
Iteration  13 : [(2, 1), (3, 4, 5, 6)] 

[(3, 4), (5, 6)]
[(0, 1), (4, 5)]
[(1, 2), (3, 4), (5, 6)]
[(2, 3), (4, 5), (6, 7)]
[(1, 2), (3, 4), (5, 6)]
[(0, 1), (4, 5)]
[(5, 6)]
Iteration  14 : [(2, 3, 1, 0), (7, 6)] 

[(1, 2), (3, 4), (5, 6)]
[(0, 1), (2, 3), (6, 7)]
[(1, 2), (3, 4), (5, 6)]
[(2, 3), (4, 5)]
[(3, 4), (5, 6)]
[(2, 3)]
Iteration  15 : [(5, 3, 6, 4), (0, 1)] 

[(1, 2), (5, 6)]
[(2, 3), (4, 5), (6, 7)]
[(1, 2), (3, 4), (5, 6)]
[(2, 3), (4, 5)]
[(1, 2), (3, 4), (5, 6)]
[(4, 5), (6, 7)]
[(5, 6)]
Iteration  16 : [(3, 4), (2, 1)] 

[(1, 2), (3, 4)]
[(0, 1), (2, 3), (4, 5)]
[(1, 2), (3, 4), (5, 6)]
[(2, 3), (4, 5), (6, 7)]
[(1, 2), (3, 4)]
[(2, 3), (4, 5)]
[(5, 6)]
Iteration  17 : [(5, 4, 3)] 

[(1, 2)]
[(0, 1), (2, 3), (4, 5), (6, 7)]
[(1, 2), (3, 4), (5, 6)]
[(2, 3), (4, 5)]
[(3, 4), (5, 6)]
[(2, 3)]
Iteration  18 : [(3, 2, 1)] 

[(5, 6)]
[(4, 5), (6, 7)]
[(3, 4), (5, 6)]
[(2, 3)]
Iteration  19 : [(3, 2, 1)] 

[(1, 2)]
[(0, 1), (2, 3), (4, 5)]
[(1, 2), (3, 4), (5, 6)]
[(0, 1), (2, 3), (4, 5)]
Iteration  20 : [(3, 4, 5), (6, 7), (0, 1)] 

[(1, 2)]
[(0, 1), (2, 3), (4, 5)]
[(1, 2), (3, 4)]
[(2, 3), (4, 5)]
[(1, 2), (5, 6)]
[(0, 1), (6, 7)]
Iteration  21 : [(2, 3, 4), (5, 7, 6)] 

[(3, 4), (5, 6)]
[(4, 5), (6, 7)]
[(3, 4), (5, 6)]
[(2, 3)]
Iteration  22 : [(3, 4, 2)] 

[(0, 1), (2, 3), (4, 5)]
[(3, 4), (5, 6)]
[(2, 3), (4, 5)]
[(1, 2)]
Iteration  23 : [(7, 6, 5), (3, 4, 2)] 

[(1, 2), (3, 4)]
[(0, 1), (2, 3), (4, 5), (6, 7)]
[(1, 2), (3, 4), (5, 6)]
[(2, 3), (4, 5)]
[(1, 2), (3, 4), (5, 6)]
[(0, 1), (2, 3), (4, 5), (6, 7)]
[(1, 2)]
Iteration  24 : [(1, 2), (5, 7, 6)] 

[(1, 2), (3, 4)]
[(4, 5), (6, 7)]
[(3, 4), (5, 6)]
[(4, 5), (6, 7)]
[(3, 4), (5, 6)]
Iteration  25 : [(4, 6, 3, 5)] 

[(1, 2), (5, 6)]
[(0, 1), (2, 3), (4, 5)]
[(1, 2), (3, 4)]
[(2, 3), (4, 5)]
[(3, 4), (5, 6)]
[(4, 5), (6, 7)]
[(5, 6)]
Iteration  26 : [(3, 2, 1), (5, 4)] 

[(3, 4), (5, 6)]
[(0, 1), (2, 3), (4, 5), (6, 7)]
[(1, 2), (3, 4), (5, 6)]
[(0, 1), (2, 3), (4, 5), (6, 7)]
[(1, 2), (3, 4), (5, 6)]
[(2, 3)]
[(1, 2)]
[(0, 1)]
Iteration  27 : [(7, 6, 4, 5)] 

[(3, 4), (5, 6)]
[(0, 1), (2, 3), (4, 5), (6, 7)]
[(1, 2), (3, 4), (5, 6)]
[(2, 3), (4, 5)]
[(3, 4), (5, 6)]
[(2, 3), (4, 5)]
[(5, 6)]
[(6, 7)]
Iteration  28 : [(3, 6, 4, 5)] 

[(5, 6)]
[(0, 1), (2, 3), (4, 5)]
[(1, 2), (3, 4), (5, 6)]
[(0, 1), (2, 3), (4, 5)]
[(1, 2), (3, 4), (5, 6)]
[(2, 3)]
Iteration  29 : [(3, 1, 2), (6, 5, 7)] 

[(3, 4), (5, 6)]
[(0, 1), (2, 3), (4, 5), (6, 7)]
[(1, 2), (3, 4)]
[(0, 1), (2, 3), (4, 5)]
[(3, 4), (5, 6)]
Iteration  30 : [(4, 7, 6, 5)] 

[(0, 1), (2, 3), (4, 5)]
[(3, 4)]
[(2, 3), (4, 5)]
[(5, 6)]
Iteration  31 : [(4, 3, 5), (0, 1, 2)] 

[(1, 2), (3, 4), (5, 6)]
[(2, 3), (4, 5), (6, 7)]
[(1, 2), (3, 4), (5, 6)]
[(2, 3), (4, 5), (6, 7)]
[(1, 2), (3, 4)]
[(2, 3)]
[(3, 4), (5, 6)]
[(0, 1), (2, 3), (4, 5), (6, 7)]
[(1, 2), (3, 4), (5, 6)]
[(2, 3), (4, 5), (6, 7)]
[(1, 2), (5, 6)]
Iteration  32 : [(4, 3, 6, 5)] 

[(1, 2), (3, 4)]
[(0, 1), (2, 3), (4, 5), (6, 7)]
[(3, 4), (5, 6)]
[(2, 3), (4, 5)]
[(1, 2), (3, 4)]
[(0, 1), (2, 3)]
[(1, 2)]
[(0, 1)]
Iteration  33 : [(3, 4, 5)] 

[(1, 2)]
[(2, 3), (6, 7)]
[(3, 4), (5, 6)]
[(4, 5)]
[(5, 6)]
Iteration  34 : [(2, 3, 4)] 

[(3, 4)]
[(0, 1), (4, 5), (6, 7)]
[(1, 2), (3, 4), (5, 6)]
[(2, 3), (4, 5), (6, 7)]
[(1, 2), (3, 4), (5, 6)]
[(0, 1), (2, 3)]
[(1, 2)]
Iteration  35 : [(3, 4, 5), (7, 6)] 

[(1, 2), (3, 4)]
[(2, 3), (6, 7)]
[(1, 2), (3, 4), (5, 6)]
[(2, 3), (4, 5)]
[(3, 4)]
[(2, 3)]
[(1, 2)]
[(3, 4), (5, 6)]
[(0, 1), (2, 3), (4, 5), (6, 7)]
[(1, 2), (3, 4), (5, 6)]
[(0, 1), (2, 3), (4, 5)]
[(1, 2), (3, 4), (5, 6)]
[(0, 1), (4, 5), (6, 7)]
Iteration  36 : [(4, 2, 3, 5)] 

[(2, 3), (4, 5), (6, 7)]
[(1, 2), (3, 4), (5, 6)]
[(2, 3), (4, 5), (6, 7)]
[(3, 4)]
[(2, 3)]
[(1, 2)]
[(0, 1)]
Iteration  37 : [(5, 6, 3, 4)] 

[(1, 2), (5, 6)]
[(0, 1), (2, 3), (4, 5), (6, 7)]
[(1, 2), (3, 4), (5, 6)]
[(2, 3), (6, 7)]
[(1, 2), (3, 4)]
[(4, 5)]
[(5, 6)]
[(6, 7)]
Iteration  38 : [(1, 0, 3, 2)] 

[(3, 4), (5, 6)]
[(0, 1), (4, 5), (6, 7)]
[(1, 2)]
[(2, 3)]
Iteration  39 : [(6, 7, 5)] 

[(3, 4), (5, 6)]
[(0, 1), (4, 5), (6, 7)]
[(3, 4)]
Iteration  40 : [(6, 5, 7, 4), (2, 3, 1, 0)] 

[(5, 6)]
[(2, 3)]
[(5, 6)]
[(0, 1), (2, 3), (4, 5), (6, 7)]
[(1, 2), (3, 4), (5, 6)]
[(2, 3), (4, 5)]
[(1, 2), (3, 4), (5, 6)]
[(0, 1), (4, 5), (6, 7)]
[(5, 6)]
[(6, 7)]
Iteration  41 : [(2, 5, 3, 4)] 

[(1, 2), (3, 4)]
[(0, 1), (4, 5)]
[(1, 2), (5, 6)]
[(2, 3)]
Iteration  42 : [(0, 1, 3, 2)] 

[(3, 4)]
[(0, 1), (2, 3), (6, 7)]
[(1, 2), (5, 6)]
[(2, 3), (4, 5)]
[(3, 4)]
[(2, 3), (4, 5)]
[(1, 2), (5, 6)]
[(0, 1), (6, 7)]
Iteration  43 : [(5, 2, 4, 3)] 

Bringing back:
Here are the final positions of the orbitals:  {0: 6, 1: 0, 2: 4, 3: 3, 4: 5, 5: 1, 6: 2, 7: 7}
[(0, 1), (2, 3), (4, 5)]
[(1, 2), (3, 4), (5, 6)]
[(2, 3), (4, 5)]
[(1, 2), (3, 4)]
[(2, 3), (4, 5)]
[(5, 6)]
Time: 99.58312010765076
